# Wavelength (um)  Tansit_Depth (%)  Transit_Depth_Error Wavelength_Width (um)
2.45750e+00 1.97524e-02 1.21000e-04 7.50000e-03
2.47250e+00 1.97508e-02 1.23000e-04 7.50000e-03
2.48750e+00 1.99015e-02 1.26000e-04 7.50000e-03
2.50250e+00 2.00539e-02 1.30000e-04 7.50000e-03
2.51750e+00 2.00177e-02 1.43000e-04 7.50000e-03
2.53250e+00 2.01299e-02 1.96000e-04 7.50000e-03
2.54750e+00 2.02556e-02 3.04000e-04 7.50000e-03
2.56250e+00 2.02872e-02 1.96000e-04 7.50000e-03
2.57750e+00 2.02460e-02 2.11000e-04 7.50000e-03
2.59250e+00 2.02094e-02 2.65000e-04 7.50000e-03
2.60750e+00 2.01941e-02 2.83000e-04 7.50000e-03
2.62250e+00 2.01896e-02 3.12000e-04 7.50000e-03
2.63750e+00 2.01971e-02 3.11000e-04 7.50000e-03
2.65250e+00 2.04645e-02 3.95000e-04 7.50000e-03
2.66750e+00 2.10773e-02 3.62000e-04 7.50000e-03
2.68250e+00 2.11358e-02 4.31000e-04 7.50000e-03
2.69750e+00 2.13498e-02 7.40000e-05 7.50000e-03
2.71250e+00 2.13344e-02 6.80000e-05 7.50000e-03
2.72750e+00 2.10359e-02 6.80000e-05 7.50000e-03
2.74250e+00 2.09169e-02 6.30000e-05 7.50000e-03
2.75750e+00 2.09424e-02 6.70000e-05 7.50000e-03
2.77250e+00 2.10126e-02 5.90000e-05 7.50000e-03
2.78750e+00 2.08015e-02 6.50000e-05 7.50000e-03
2.80250e+00 2.10494e-02 5.60000e-05 7.50000e-03
2.81750e+00 2.12931e-02 6.40000e-05 7.50000e-03
2.83250e+00 2.09162e-02 5.90000e-05 7.50000e-03
2.84750e+00 2.09477e-02 6.40000e-05 7.50000e-03
2.86250e+00 2.07259e-02 5.70000e-05 7.50000e-03
2.87750e+00 2.05887e-02 6.00000e-05 7.50000e-03
2.89250e+00 2.05631e-02 5.50000e-05 7.50000e-03
2.90750e+00 2.06534e-02 6.20000e-05 7.50000e-03
2.92250e+00 2.02553e-02 5.60000e-05 7.50000e-03
2.93750e+00 2.02111e-02 5.50000e-05 7.50000e-03
2.95250e+00 2.01211e-02 6.50000e-05 7.50000e-03
2.96750e+00 2.02250e-02 6.30000e-05 7.50000e-03
2.98250e+00 2.00728e-02 6.10000e-05 7.50000e-03
2.99750e+00 1.99188e-02 5.90000e-05 7.50000e-03
3.01250e+00 2.00115e-02 8.20000e-05 7.50000e-03
3.02750e+00 1.98936e-02 7.20000e-05 7.50000e-03
3.04250e+00 2.00368e-02 8.20000e-05 7.50000e-03
3.05750e+00 1.99460e-02 6.50000e-05 7.50000e-03
3.07250e+00 1.97897e-02 7.40000e-05 7.50000e-03
3.08750e+00 1.96804e-02 5.70000e-05 7.50000e-03
3.10250e+00 1.97080e-02 6.60000e-05 7.50000e-03
3.11750e+00 1.98613e-02 7.20000e-05 7.50000e-03
3.13250e+00 1.97646e-02 6.80000e-05 7.50000e-03
3.14750e+00 1.97596e-02 1.08000e-04 7.50000e-03
3.16250e+00 1.96681e-02 1.03000e-04 7.50000e-03
3.17750e+00 1.98157e-02 9.70000e-05 7.50000e-03
3.19250e+00 1.96817e-02 9.10000e-05 7.50000e-03
3.20750e+00 1.99226e-02 1.01000e-04 7.50000e-03
3.22250e+00 1.95323e-02 9.90000e-05 7.50000e-03
3.23750e+00 1.96852e-02 9.60000e-05 7.50000e-03
3.25250e+00 1.94953e-02 9.20000e-05 7.50000e-03
3.26750e+00 1.94116e-02 9.00000e-05 7.50000e-03
3.28250e+00 1.96194e-02 9.20000e-05 7.50000e-03
3.29750e+00 1.96001e-02 8.60000e-05 7.50000e-03
3.31250e+00 1.97128e-02 8.60000e-05 7.50000e-03
3.32750e+00 1.95912e-02 8.90000e-05 7.50000e-03
3.34250e+00 1.95682e-02 8.70000e-05 7.50000e-03
3.35750e+00 1.97460e-02 8.50000e-05 7.50000e-03
3.37250e+00 1.94521e-02 8.50000e-05 7.50000e-03
3.38750e+00 1.95674e-02 8.40000e-05 7.50000e-03
3.40250e+00 1.95812e-02 8.10000e-05 7.50000e-03
3.41750e+00 1.96025e-02 7.60000e-05 7.50000e-03
3.43250e+00 1.94403e-02 8.00000e-05 7.50000e-03
3.44750e+00 1.94195e-02 8.70000e-05 7.50000e-03
3.46250e+00 1.95289e-02 7.80000e-05 7.50000e-03
3.47750e+00 1.97022e-02 8.00000e-05 7.50000e-03
3.49250e+00 1.95300e-02 8.20000e-05 7.50000e-03
3.50750e+00 1.93574e-02 8.20000e-05 7.50000e-03
3.52250e+00 1.93734e-02 8.00000e-05 7.50000e-03
3.53750e+00 1.93041e-02 8.10000e-05 7.50000e-03
3.55250e+00 1.94088e-02 8.20000e-05 7.50000e-03
3.56750e+00 1.93198e-02 8.70000e-05 7.50000e-03
3.58250e+00 1.92798e-02 8.40000e-05 7.50000e-03
3.59750e+00 1.92345e-02 8.60000e-05 7.50000e-03
3.61250e+00 1.93280e-02 8.00000e-05 7.50000e-03
3.62750e+00 1.92495e-02 7.80000e-05 7.50000e-03
3.64250e+00 1.92289e-02 8.30000e-05 7.50000e-03
3.65750e+00 1.92678e-02 7.70000e-05 7.50000e-03
3.67250e+00 1.92857e-02 8.10000e-05 7.50000e-03
3.68750e+00 1.92746e-02 7.70000e-05 7.50000e-03
3.70250e+00 1.92629e-02 7.90000e-05 7.50000e-03
3.71750e+00 1.91920e-02 8.00000e-05 7.50000e-03
3.73250e+00 1.92338e-02 8.20000e-05 7.50000e-03
3.74750e+00 1.92792e-02 8.10000e-05 7.50000e-03
3.76250e+00 1.93136e-02 8.50000e-05 7.50000e-03
3.77750e+00 1.91669e-02 8.10000e-05 7.50000e-03
3.79250e+00 1.92689e-02 7.80000e-05 7.50000e-03
3.80750e+00 1.92648e-02 8.00000e-05 7.50000e-03
3.82250e+00 1.92410e-02 8.20000e-05 7.50000e-03
3.83750e+00 1.92087e-02 7.50000e-05 7.50000e-03
3.85250e+00 1.91639e-02 7.80000e-05 7.50000e-03
3.86750e+00 1.91502e-02 7.60000e-05 7.50000e-03
3.91250e+00 1.91935e-02 7.90000e-05 7.50000e-03
3.92750e+00 1.92036e-02 7.60000e-05 7.50000e-03
3.94250e+00 1.92185e-02 7.80000e-05 7.50000e-03
3.95750e+00 1.93731e-02 8.00000e-05 7.50000e-03
3.97250e+00 1.96612e-02 8.00000e-05 7.50000e-03
3.98750e+00 1.96273e-02 7.70000e-05 7.50000e-03
4.00250e+00 1.96427e-02 7.80000e-05 7.50000e-03
4.01750e+00 1.96525e-02 7.60000e-05 7.50000e-03
4.03250e+00 1.96453e-02 7.50000e-05 7.50000e-03
4.04750e+00 1.97344e-02 8.00000e-05 7.50000e-03
4.06250e+00 1.96395e-02 7.70000e-05 7.50000e-03
4.07750e+00 1.97578e-02 7.40000e-05 7.50000e-03
4.09250e+00 1.95261e-02 7.50000e-05 7.50000e-03
4.10750e+00 1.94839e-02 7.30000e-05 7.50000e-03
4.12250e+00 1.94720e-02 8.30000e-05 7.50000e-03
4.13750e+00 1.94545e-02 8.10000e-05 7.50000e-03
4.15250e+00 1.95675e-02 7.90000e-05 7.50000e-03
4.16750e+00 1.95576e-02 7.90000e-05 7.50000e-03
4.18250e+00 2.03824e-02 8.10000e-05 7.50000e-03
4.19750e+00 2.05838e-02 7.90000e-05 7.50000e-03
4.21250e+00 2.09830e-02 7.70000e-05 7.50000e-03
4.22750e+00 2.13959e-02 8.10000e-05 7.50000e-03
4.24250e+00 2.20929e-02 7.90000e-05 7.50000e-03
4.25750e+00 2.21223e-02 8.10000e-05 7.50000e-03
4.27250e+00 2.18673e-02 7.90000e-05 7.50000e-03
4.28750e+00 2.27762e-02 7.90000e-05 7.50000e-03
4.30250e+00 2.30241e-02 8.00000e-05 7.50000e-03
4.31750e+00 2.26833e-02 8.20000e-05 7.50000e-03
4.33250e+00 2.27465e-02 8.40000e-05 7.50000e-03
4.34750e+00 2.26141e-02 8.10000e-05 7.50000e-03
4.36250e+00 2.23198e-02 7.70000e-05 7.50000e-03
4.37750e+00 2.21458e-02 8.10000e-05 7.50000e-03
4.39250e+00 2.25508e-02 8.20000e-05 7.50000e-03
4.40750e+00 2.23367e-02 8.50000e-05 7.50000e-03
4.42250e+00 2.26067e-02 8.30000e-05 7.50000e-03
4.43750e+00 2.23851e-02 8.70000e-05 7.50000e-03
4.45250e+00 2.20749e-02 8.20000e-05 7.50000e-03
4.46750e+00 2.16646e-02 8.00000e-05 7.50000e-03
4.48250e+00 2.15095e-02 8.90000e-05 7.50000e-03
4.49750e+00 2.14110e-02 9.00000e-05 7.50000e-03
4.51250e+00 2.11520e-02 8.40000e-05 7.50000e-03
4.52750e+00 2.07709e-02 8.60000e-05 7.50000e-03
4.54250e+00 2.06771e-02 9.30000e-05 7.50000e-03
4.55750e+00 2.03155e-02 8.50000e-05 7.50000e-03
4.57250e+00 2.03760e-02 8.70000e-05 7.50000e-03
4.58750e+00 2.01105e-02 9.60000e-05 7.50000e-03
4.60250e+00 2.00773e-02 1.03000e-04 7.50000e-03
4.61750e+00 2.00193e-02 9.40000e-05 7.50000e-03
4.63250e+00 1.98515e-02 9.70000e-05 7.50000e-03
4.64750e+00 1.98778e-02 9.00000e-05 7.50000e-03
4.66250e+00 1.99607e-02 1.04000e-04 7.50000e-03
4.67750e+00 2.01511e-02 9.60000e-05 7.50000e-03
4.69250e+00 2.00742e-02 9.40000e-05 7.50000e-03
4.70750e+00 2.02154e-02 9.90000e-05 7.50000e-03
4.72250e+00 2.00262e-02 9.60000e-05 7.50000e-03
4.73750e+00 1.99614e-02 9.90000e-05 7.50000e-03
4.75250e+00 1.99255e-02 9.00000e-05 7.50000e-03
4.76750e+00 1.99584e-02 9.40000e-05 7.50000e-03
4.78250e+00 2.02684e-02 1.00000e-04 7.50000e-03
4.79750e+00 1.98810e-02 1.02000e-04 7.50000e-03
4.81250e+00 2.02964e-02 1.07000e-04 7.50000e-03
4.82750e+00 1.99728e-02 1.01000e-04 7.50000e-03
4.84250e+00 2.01681e-02 9.50000e-05 7.50000e-03
4.85750e+00 2.01272e-02 1.02000e-04 7.50000e-03
4.87250e+00 2.00800e-02 1.01000e-04 7.50000e-03
4.88750e+00 1.98747e-02 1.14000e-04 7.50000e-03
4.90250e+00 2.01418e-02 1.01000e-04 7.50000e-03
4.91750e+00 1.99439e-02 1.03000e-04 7.50000e-03
4.93250e+00 2.01164e-02 1.05000e-04 7.50000e-03
4.94750e+00 1.98305e-02 1.09000e-04 7.50000e-03
4.96250e+00 1.98890e-02 1.05000e-04 7.50000e-03
5.06400e+00 1.98278e-02 1.10000e-04 7.50000e-02
5.21400e+00 1.99935e-02 1.17000e-04 7.50000e-02
5.36500e+00 2.01280e-02 1.16000e-04 7.50000e-02
5.51500e+00 2.02272e-02 1.12000e-04 7.50000e-02
5.66500e+00 2.01879e-02 1.19000e-04 7.50000e-02
5.81500e+00 2.02540e-02 1.16000e-04 7.50000e-02
5.96600e+00 2.02229e-02 1.16000e-04 7.50000e-02
6.11600e+00 2.00138e-02 1.27000e-04 7.50000e-02
6.26600e+00 1.99324e-02 1.21000e-04 7.50000e-02
6.41600e+00 2.02226e-02 1.23000e-04 7.50000e-02
6.56700e+00 2.04855e-02 1.26000e-04 7.50000e-02
6.71700e+00 2.03769e-02 1.18000e-04 7.50000e-02
6.86700e+00 2.03697e-02 1.25000e-04 7.50000e-02
7.01700e+00 2.03027e-02 1.26000e-04 7.50000e-02
7.16800e+00 2.06791e-02 1.39000e-04 7.50000e-02
7.31800e+00 2.11214e-02 1.25000e-04 7.50000e-02
7.46800e+00 2.11726e-02 1.23000e-04 7.50000e-02
7.61800e+00 2.10053e-02 1.26000e-04 7.50000e-02
7.76900e+00 2.04114e-02 1.28000e-04 7.50000e-02
7.91900e+00 2.02840e-02 1.39000e-04 7.50000e-02
8.06900e+00 2.02022e-02 1.33000e-04 7.50000e-02
8.21900e+00 2.02950e-02 1.24000e-04 7.50000e-02
8.37000e+00 2.03389e-02 1.30000e-04 7.50000e-02
8.52000e+00 2.04379e-02 1.27000e-04 7.50000e-02
8.67000e+00 2.02490e-02 1.33000e-04 7.50000e-02
8.82000e+00 2.03315e-02 1.43000e-04 7.50000e-02
8.97100e+00 2.03644e-02 1.32000e-04 7.50000e-02
9.12100e+00 2.04148e-02 1.34000e-04 7.50000e-02
9.27100e+00 2.03623e-02 1.41000e-04 7.50000e-02
9.42100e+00 2.03298e-02 1.36000e-04 7.50000e-02
9.57200e+00 2.02297e-02 1.42000e-04 7.50000e-02
9.72200e+00 2.02460e-02 1.43000e-04 7.50000e-02
9.87200e+00 2.01489e-02 1.55000e-04 7.50000e-02
1.00220e+01 2.01333e-02 1.50000e-04 7.50000e-02
1.01730e+01 2.00745e-02 1.44000e-04 7.50000e-02
1.03230e+01 2.01077e-02 1.46000e-04 7.50000e-02
1.04730e+01 2.01607e-02 1.54000e-04 7.50000e-02
1.06230e+01 2.01911e-02 1.45000e-04 7.50000e-02
1.07740e+01 2.02086e-02 1.59000e-04 7.50000e-02
1.09240e+01 2.02079e-02 1.46000e-04 7.50000e-02
1.10740e+01 2.01901e-02 1.64000e-04 7.50000e-02
1.12240e+01 2.01053e-02 1.54000e-04 7.50000e-02
1.13750e+01 2.01204e-02 1.66000e-04 7.50000e-02
1.15250e+01 2.00743e-02 1.74000e-04 7.50000e-02
1.16750e+01 2.01435e-02 1.81000e-04 7.50000e-02
1.18250e+01 2.00418e-02 1.74000e-04 7.50000e-02
